0
0
0
0
0
0
0
0
0
0
0
0
1
1
2
2
3
3
4
4
5
5
5
6
7
7
8
9
9
10
10
11
11
12
12
13
13
14
14
15
32
32
33
33
34
34
35
35
36
37
37
37
38
39
39
40
160
160
160
164
168
168
172
172
172
176
180
180
184
184
188
188
320
320
324
324
328
328
336
336
340
340
344
344
348
352
352
356
356
360
364
364
368
368
372
376
376
380
380
384
384
388
392
392
396
400
400
404
404
408
408
412
412
416
420
424
428
432
432
436
440
444
704
704
708
708
712
716
720
724
724
728
732
732
736
736
740
741
741
741
741
741
741
741
742
743
743
744
744
744
744
744
744
744
744
744
744
744
744
745
746
746
747
748
749
749
750
750
750
750
750
750
751
751
752
752
39
39
39
39
39
39
39
39
39
40
40
41
41
41
41
41
42
42
43
43
44
44
45
45
46
46
47
47
80
80
81
81
81
82
82
83
83
84
84
85
85
86
86
87
87
88
89
89
90
90
91
91
92
92
92
93
93
94
95
95
96
97
97
97
97
97
97
98
98
98
98
98
98
15
106
106
106
109
109
109
160
163
163
163
166
166
169
169
172
172
172
175
175
178
178
181
181
184
184
184
187
187
190
193
193
196
196
199
199
202
202
205
304
304
307
307
310
310
313
313
313
316
319
322
322
352
355
415
415
415
415
415
415
418
421
421
424
427
427
427
427
517
523
526
526
649
653
653
653
657
657
661
661
665
665
669
673
833
837
841
845
849
849
857
857
861
861
865
869
869
869
873
941
941
945
949
949
953
953
957
961
961
965
969
969
977
977
981
981
985
989
989
993
997
1001
1001
1133
1137
1141
1145
1145
1153
1153
1153
1153
1153
1153
1153
1158
1161
1161
1165
1169
1173
1177
1177
1185
1185
1186
1186
1187
1187
1187
1187
1187
1188
1188
1189
1200
1201
1201
1202
1203
1204
1224
1225
1226
1227
1228
1229
1379
1379
1379
1379
1379
1379
1379
1379
1379
1384
1389
1389
1394
1399
1404
1409
1414
1414
1419
1424
1429
1434
1439
1439
1444
1444
1449
1449
1539
1539
1544
1544
1549
1549
1553
1559
1559
1564 
1569
1569
1574
1579
1584
1589
1589
1594
1594
1599
1609
1609
1614
1614
1779
1784
1789
1789
1794
1794
1799
1804
1814
1814
1814
1814
1814
1819 
1819
1820
1821
1822
1822
1823
1823
1824
1825
1825
1826
1826
1828
1828
1829
1829
642
643
645
645
645
646
646
647
648
648
649
649
650
651
651
652
652
685
686
686
687 
687 
688
689
689
690
690
691
692
692
692
693
694
695
695
695
696
696
697
697
847
847
847
847
852
852
857
857
867
867
872
872
882
882
887
887
887
892
892
897
902
902
907
907
912
912
917
917
922
922
1007
1007
1012
1017
1022
1022
1027
1027
1032
1032
1037
1042
1042
1047
1047
1057
1057
1062
1062
1067
1067
1077
1077
1082
1247
1247
1252
1257
1262
1262
1267
1267
1272
1272
1277
1277
1277
1277
1277
1277
1282
1287
1287
1292
1292
1292
1297
1297
1302
1302
1307
1307
1313
1317
1317
1322
1322
1322
1322
1322
1333
1333
1344
1345
1345
1346
1346
1347
1348
1348
1348
1365
1365
1366
1366
1367
1368
1368
1369
1369
1370
1370
1371
1371
1373
1373
1374
1374
1375
1376
1376
1377
1377
1378
1379
1379
1380
1380
1413
1424
1574
1574
1574
1579
1579
1584
1584
1589
1589
1594
1594
1599
1599
1604
1604
1609
1609
1614
1614
1619
1619
1629
1629
1634
1634
1634
1634
1634
1634
1634
1634
1634
1634
1634

